       0        0       0       0       0      0      0      0       0    0   0M
       0        0       0       0       0      0      0      0       0    0   0M
       0        0       0       0       0      0      0      0       0    0   0M
       0        0       0       0       0      0      0      0       0    0   0M
       0        0       0       0       0      0      0      0       0    0   0M
       0        0       0       0       0      0      0      0       0    0   0M
       0        0       0       0       0      0      0      0       0    0   0M
       0        0       0       0      23      0     28      0       0    0   0M
       0        0       0       0      14      0     12      0       0    0   0M
       0        0       0       0      12      0     13      0       0    0   0M
       0        0       0       0      18      0     26      0       0    0   0M
       0        0       0       0      13      0     14      0       0    0   0M
       0        0       0       0      29      0     22      0       0    0   0M
       0        0       0       0      14      0     14      0       0    0   0M
       0        0       0       0      12      0     12      0       0    0   0M
       0        0       0       0      14      0     14      0       0    0   0M
       0        0       0       0      17      0     21      0       0    0   0M
       0        0       0       0      14      0     12      0       0    0   0M
       0        0       0       0      13      0     14      0       0    0   0M
       0        0       0       0      36      0     27      0       0    0   0M
       0        0       0       0      23      0     22      0       0    0   0M
       0        0       0       0      12      0     12      0       0    0   0M
       0        0       0       0      12      0     13      0       0    0   0M
       0        0       0       0      14      0     18      0       0    0   0M
       0        0       0       0      69      0     88      0       0    0   0M
       0        0       0       0     129     15    289      0       0    0   0M
       0        0       0       0       0      0    247      0       0    0   0M
       0        0       0       0       0      0    693      0       0    0   0M
       0        0       0       0       0      0    677      0       0    0   0M
       0        0       0       0       0      0     40      0       0    0   0M
       0        0       0       0       0      0     40      0       0    0   0M
       0        0       0       0       0      0     40      0       0    0   0M
       0        0       0       0       0      0     40      0       0    0   0M
       0        0       0       0       0      0     40      0       0    0   0M
       0        0       0       0       0      0     40      0       0    0   0M
       0        0       0       0       0      0     40      0       0    0   0M
       0        0       0       0       0      0     40      0       0    0   0M
       0        0       0       0       0      0      0      0       0    0   0M
       0        0       0       0       0      0      0      0       0    0   0M
       0        0       0       0       0      0      0      0       0    0   0M
       0        0       0       0       0      0      0      0       0    0   0M
       0        0       0       0       0      0      0      0       0    0   0M
       0        0       0       0       0      0      0      0       0    0   0M
       0        0       0       0       0      0      0      0       0    0   0M
