       0        0       0       0       0      0      0      0       0    0   0M
      61        0       0       0       0      0      0      0       0    0   0M
     122        0       0       0       0      0      0      0       0    0   0M
     122        0       0       0       0      0      0      0       0    0   0M
     122        0       0       0       0      0      0      0       0    0   0M
     122        0       0       0       0      0      0      0       0    0   0M
     122        0       0       0       0      0      1      0       0    0   0M
     122        0       0       0      28      0     24      0       0    0   0M
     122        0       0       0      12      0     14      0       0    0   0M
     122        0       0       0      13      0     13      0       0    0   0M
     122        0       0       0      26      0     15      0       0    0   0M
     122        0       0       0      14      0     13      0       0    0   0M
     122        0       0       0      22      0     38      0       0    0   0M
     122        0       0       0      14      0     14      0       0    0   0M
     122        0       0       0      12      0     12      0       0    0   0M
     123        0       0       0      14      0     17      0       0    0   0M
     122        0       0       0      21      0     18      0       0    0   0M
     122        0       0       0      12      0     14      0       0    0   0M
     122        0       0       0      14      0     10      0       0    0   0M
     122        0       0       0      27      0     32      0       0    0   0M
     122        0       0       0      22      0     18      0       0    0   0M
     122        0       0       0      12      0     12      0       0    0   0M
     122        0       0       0      13      0     14      0       0    0   0M
     122        0       0       0      17      0     16      0       0    0   0M
     122        0       0       0      75      0     72      0       0    0   0M
     122        0       0       0     246     26    186      0       0    0   0M
     122        0       0       0      69     23     67      0       0    0   0M
     122        0       0       0       0     96     11      0       0    0   0M
     122        0       0       0       0     89     10      0       0    0   0M
     123        0       0       0       0      0     10      0       0    0   0M
     122        0       0       0       0      0      9      0       0    0   0M
     122        0       0       0       0      0     10      0       0    0   0M
     122        0       0       0       0      0     10      0       0    0   0M
     122        0       0       0       0      0     10      0       0    0   0M
     122        0       0       0       0      0     10      0       0    0   0M
     122        0       0       0       0      0      9      0       0    0   0M
     122        0       0       0       0      0     10      0       0    0   0M
     122        0       0       0       0      0      0      0       0    0   0M
     122        0       0       0       0      0      0      0       0    0   0M
     122        0       0       0       0      0      0      0       0    0   0M
     122        0       0       0       0      0      0      0       0    0   0M
     122        0       0       0       0      0      0      0       0    0   0M
     122        0       0       0       0      0      0      0       0    0   0M
     122        0       0       0       0      0      0      0       0    0   0M
