       0        0       0       0       0      0      0      0       0    0   0M
       0       60       0       0       0      0      0      0       0    0   0M
       0      123       0       0       0      0      0      0       0    0   0M
       0      122       0       0       0      0      0      0       0    0   0M
       0      122       0       0       0      0      0      0       0    0   0M
       0      122       0       0       0      0      0      0       0    0   0M
       0      122       0       0       0      0      0      0       0    0   0M
       0      122       0       0       0      0     23      0       0    0   0M
       0      122       0       0       0      0     14      0       0    0   0M
       0      122       0       0       0      0     12      0       0    0   0M
       0      122       0       0       0      0     18      0       0    0   0M
       0      122       0       0       0      0     13      0       0    0   0M
       0      122       0       0       0      0     29      0       0    0   0M
       0      122       0       0       0      0     14      0       0    0   0M
       0      122       0       0       0      0     12      0       0    0   0M
       0      122       0       0       0      0     14      0       0    0   0M
       0      122       0       0       0      0     17      0       0    0   0M
       0      123       0       0       0      0     14      0       0    0   0M
       0      121       0       0       0      0     13      0       0    0   0M
       0      123       0       0       0      0     36      0       0    0   0M
       0      122       0       0       0      0     23      0       0    0   0M
       0      122       0       0       0      0     12      0       0    0   0M
       0      122       0       0       0      0     12      0       0    0   0M
       0      122       0       0       0      0     14      0       0    0   0M
       0      121       0       0       0      0     80      0       0    0   0M
       0       10       0       0       0      0    185      0       0    0   0M
       0        0       0       0       0      0     63      0       0    0   0M
       0        0       0       0       0      0     11      0       0    0   0M
       0        0       0       0       0      0     10      0       0    0   0M
       0        0       0       0       0      0     10      0       0    0   0M
       0        0       0       0       0      0      9      0       0    0   0M
       0        0       0       0       0      0     10      0       0    0   0M
       0        0       0       0       0      0     10      0       0    0   0M
       0        0       0       0       0      0     10      0       0    0   0M
       0        0       0       0       0      0     10      0       0    0   0M
       0        0       0       0       0      0      9      0       0    0   0M
       0        0       0       0       0      0     10      0       0    0   0M
       0        0       0       0       0      0      0      0       0    0   0M
       0        0       0       0       0      0      0      0       0    0   0M
       0        0       0       0       0      0      0      0       0    0   0M
       0        0       0       0       0      0      0      0       0    0   0M
       0        0       0       0       0      0      0      0       0    0   0M
       0        0       0       0       0      0      0      0       0    0   0M
       0        0       0       0       0      0      0      0       0    0   0M
