0.838677	4008	0	0	0	0
0.838677	11769	0	0	1	0
0.840077	23300	0	0	2	0
0.843035	42497	0	0	3	0
0.870375	3990	0	0	0	1
0.872160	11689	0	0	1	1
0.873462	23217	0	0	2	1
0.875888	43273	0	0	3	1
0.898830	3982	0	0	0	2
0.898830	11680	0	0	1	2
0.901958	22964	0	0	2	2
0.912151	42994	0	0	3	2
0.942378	3981	0	0	0	3
0.943873	11577	0	0	1	3
0.945249	22916	0	0	2	3
0.947573	42912	0	0	3	3
0.983677	3486	0	0	0	4
0.983677	10114	0	0	1	4
0.984724	20693	0	0	2	4
0.987456	39327	0	0	3	4
1.007663	3939	0	0	0	5
1.007663	11727	0	0	1	5
1.010667	22864	0	0	2	5
1.014701	42861	0	0	3	5
1.037704	3893	0	0	0	6
1.039252	11569	0	0	1	6
1.040774	23085	0	0	2	6
1.043378	43079	0	0	3	6
1.076869	3829	0	0	0	7
1.078440	11068	0	0	1	7
1.079863	22325	0	0	2	7
1.081985	41918	0	0	3	7
1.112533	3991	0	0	0	8
1.112533	11691	0	0	1	8
1.114704	23048	0	0	2	8
1.117055	43214	0	0	3	8
1.137316	3992	0	0	0	9
1.137316	11684	0	0	1	9
1.141940	23536	0	0	2	9
1.145315	43432	0	0	3	9
1.169796	3890	0	0	0	10
1.169796	11245	0	0	1	10
1.173149	22585	0	0	2	10
1.175169	42216	0	0	3	10
1.209701	3949	0	0	0	11
1.211258	11667	0	0	1	11
1.212638	22977	0	0	2	11
1.214905	43183	0	0	3	11
1.245733	3863	0	0	0	12
1.245733	11270	0	0	1	12
1.247490	22644	0	0	2	12
1.250220	42455	0	0	3	12
1.277836	3783	0	0	0	13
1.277836	11059	0	0	1	13
1.279188	22240	0	0	2	13
1.281874	41751	0	0	3	13
1.306618	4093	0	0	0	14
1.306618	11657	0	0	1	14
1.308232	23148	0	0	2	14
1.311226	43187	0	0	3	14
1.338904	3689	0	0	0	15
1.340472	10896	0	0	1	15
1.342021	22045	0	0	2	15
1.344138	41355	0	0	3	15
1.376587	4004	0	0	0	16
1.378163	11656	0	0	1	16
1.379579	23226	0	0	2	16
1.381861	43206	0	0	3	16
1.412094	3902	0	0	0	17
1.412094	11517	0	0	1	17
1.414168	22683	0	0	2	17
1.416580	42583	0	0	3	17
1.442818	3781	0	0	0	18
1.442818	10856	0	0	1	18
1.444578	21809	0	0	2	18
1.447086	41429	0	0	3	18
1.472521	3908	0	0	0	19
1.472521	11514	0	0	1	19
1.475000	22940	0	0	2	19
1.477283	42646	0	0	3	19
1.509541	3939	0	0	0	20
1.511075	11743	0	0	1	20
1.512456	22984	0	0	2	20
1.514516	42912	0	0	3	20
1.545769	3983	0	0	0	21
1.545769	11563	0	0	1	21
1.547738	22964	0	0	2	21
1.550234	43094	0	0	3	21
1.578608	3586	0	0	0	22
1.578608	10288	0	0	1	22
1.579751	20979	0	0	2	22
1.582534	39624	0	0	3	22
1.606056	4152	0	0	0	23
1.606056	11580	0	0	1	23
1.609182	23211	0	0	2	23
1.612260	43249	0	0	3	23
1.632720	3917	0	0	0	24
1.632720	11370	0	0	1	24
1.635879	22913	0	0	2	24
1.644072	42698	0	0	3	24
1.676361	4042	0	0	0	25
1.677787	11594	0	0	1	25
1.679170	23019	0	0	2	25
1.681606	42843	0	0	3	25
1.712210	3819	0	0	0	26
1.712210	11152	0	0	1	26
1.714251	22232	0	0	2	26
1.716578	41670	0	0	3	26
1.742769	3932	0	0	0	27
1.742769	11196	0	0	1	27
1.744463	22357	0	0	2	27
1.747128	42155	0	0	3	27
1.775818	3975	0	0	0	28
1.776630	11312	0	0	1	28
1.778195	22217	0	0	2	28
1.781218	41828	0	0	3	28
1.806363	3984	0	0	0	29
1.808154	11558	0	0	1	29
1.811417	22835	0	0	2	29
1.814364	42672	0	0	3	29
1.844924	4005	0	0	0	30
1.844924	11575	0	0	1	30
1.847260	22936	0	0	2	30
1.849448	42914	0	0	3	30
1.879423	3992	0	0	0	31
1.879423	11400	0	0	1	31
1.882334	22824	0	0	2	31
1.884252	42463	0	0	3	31
1.905404	4036	0	0	0	32
1.905404	11593	0	0	1	32
1.908512	23169	0	0	2	32
1.911651	43204	0	0	3	32
1.933072	3916	0	0	0	33
1.934700	11354	0	0	1	33
1.937834	22507	0	0	2	33
1.942420	42482	0	0	3	33
1.976576	3909	0	0	0	34
1.978037	11318	0	0	1	34
1.979460	22841	0	0	2	34
1.981741	42471	0	0	3	34
2.013106	3881	0	0	0	35
2.013106	11465	0	0	1	35
2.014610	22754	0	0	2	35
2.017490	42773	0	0	3	35
2.036934	3741	0	0	0	36
2.036934	11176	0	0	1	36
2.044773	22301	0	0	2	36
2.046493	42261	0	0	3	36
2.068483	3985	0	0	0	37
2.069911	11427	0	0	1	37
2.072822	23141	0	0	2	37
2.077788	43076	0	0	3	37
2.109689	3996	0	0	0	38
2.111202	11393	0	0	1	38
2.112582	22977	0	0	2	38
2.114929	42974	0	0	3	38
2.146303	3941	0	0	0	39
2.146303	11363	0	0	1	39
2.149116	22842	0	0	2	39
2.151098	42849	0	0	3	39
2.176420	3850	0	0	0	40
2.177885	11154	0	0	1	40
2.179309	22355	0	0	2	40
2.181572	42323	0	0	3	40
2.206738	3900	0	0	0	41
2.206738	11492	0	0	1	41
2.208410	22913	0	0	2	41
2.212063	42704	0	0	3	41
2.236513	3899	0	0	0	42
2.238230	11556	0	0	1	42
2.239681	23353	0	0	2	42
2.243274	43316	0	0	3	42
2.276119	3940	0	0	0	43
2.277660	11509	0	0	1	43
2.279072	22934	0	0	2	43
2.281661	43437	0	0	3	43
2.312273	4013	0	0	0	44
2.313751	11642	0	0	1	44
2.315151	23075	0	0	2	44
2.317117	43112	0	0	3	44
2.337876	4015	0	0	0	45
2.337876	11795	0	0	1	45
2.343843	23221	0	0	2	45
2.347057	43538	0	0	3	45
2.371954	3911	0	0	0	46
2.373838	11566	0	0	1	46
2.375211	22859	0	0	2	46
2.378208	43178	0	0	3	46
2.409561	3924	0	0	0	47
2.411047	11662	0	0	1	47
2.412446	22988	0	0	2	47
2.414758	43164	0	0	3	47
2.445903	3942	0	0	0	48
2.445903	11562	0	0	1	48
2.448872	23183	0	0	2	48
2.450614	43358	0	0	3	48
2.476040	3948	0	0	0	49
2.477607	11592	0	0	1	49
2.479022	23183	0	0	2	49
2.481398	43241	0	0	3	49
2.506516	3891	0	0	0	50
2.508135	11490	0	0	1	50
2.509044	23186	0	0	2	50
2.512151	43248	0	0	3	50
2.536150	3891	0	0	0	51
2.537830	11460	0	0	1	51
2.539290	23044	0	0	2	51
2.542326	43143	0	0	3	51
2.577247	3932	0	0	0	52
2.577247	11548	0	0	1	52
2.578648	23314	0	0	2	52
2.581448	43669	0	0	3	52
2.612573	3895	0	0	0	53
2.612573	11353	0	0	1	53
2.615518	22783	0	0	2	53
2.617455	43015	0	0	3	53
2.638402	3876	0	0	0	54
2.638402	11268	0	0	1	54
2.644151	22988	0	0	2	54
2.647292	43048	0	0	3	54
2.672263	3897	0	0	0	55
2.673862	11530	0	0	1	55
2.675247	23055	0	0	2	55
2.677407	43226	0	0	3	55
2.709550	3878	0	0	0	56
2.711066	11576	0	0	1	56
2.712448	23014	0	0	2	56
2.714778	43194	0	0	3	56
2.746030	3895	0	0	0	57
2.746030	11338	0	0	1	57
2.747471	23063	0	0	2	57
2.750377	43143	0	0	3	57
2.771182	3883	0	0	0	58
2.771182	11350	0	0	1	58
2.776923	22979	0	0	2	58
2.779638	43261	0	0	3	58
2.798888	3887	0	0	0	59
2.798888	11318	0	0	1	59
2.802896	23048	0	0	2	59
2.807875	43084	0	0	3	59
2.842635	3894	0	0	0	60
2.844166	11285	0	0	1	60
2.845590	22572	0	0	2	60
2.847633	42813	0	0	3	60
2.878170	3888	0	0	0	61
2.878170	11699	0	0	1	61
2.880275	23206	0	0	2	61
2.882596	43543	0	0	3	61
2.912462	3870	0	0	0	62
2.912462	11471	0	0	1	62
2.913921	22793	0	0	2	62
2.917032	42878	0	0	3	62
2.938301	3920	0	0	0	63
2.938301	11539	0	0	1	63
2.944315	23055	0	0	2	63
2.947359	43390	0	0	3	63
2.973027	3959	0	0	0	64
2.973027	11375	0	0	1	64
2.976043	22882	0	0	2	64
2.978315	43201	0	0	3	64
3.009189	3854	0	0	0	65
3.010644	11354	0	0	1	65
3.012068	22731	0	0	2	65
3.014312	42809	0	0	3	65
3.045549	3835	0	0	0	66
3.045549	11402	0	0	1	66
3.047384	22939	0	0	2	66
3.049956	43125	0	0	3	66
3.076215	3824	0	0	0	67
3.076215	11506	0	0	1	67
3.079188	23081	0	0	2	67
3.081020	43133	0	0	3	67
3.107517	3979	0	0	0	68
3.109090	11382	0	0	1	68
3.110558	23086	0	0	2	68
3.113078	43487	0	0	3	68
3.137450	3898	0	0	0	69
3.139060	11331	0	0	1	69
3.140530	22754	0	0	2	69
3.143520	42926	0	0	3	69
3.176348	3645	0	0	0	70
3.177827	10772	0	0	1	70
3.179251	21920	0	0	2	70
3.181485	41392	0	0	3	70
3.209085	3751	0	0	0	71
3.209085	10977	0	0	1	71
3.211187	22261	0	0	2	71
3.213321	42086	0	0	3	71
3.240337	3838	0	0	0	72
3.242054	11526	0	0	1	72
3.243431	22951	0	0	2	72
3.246130	43154	0	0	3	72
3.270313	3864	0	0	0	73
3.272014	11344	0	0	1	73
3.273391	22906	0	0	2	73
3.276521	42939	0	0	3	73
3.309656	3799	0	0	0	74
3.311155	11329	0	0	1	74
3.312579	22733	0	0	2	74
3.314765	43142	0	0	3	74
3.346072	3868	0	0	0	75
3.346072	11370	0	0	1	75
3.348959	23020	0	0	2	75
3.350878	43240	0	0	3	75
3.372096	3697	0	0	0	76
3.372096	11236	0	0	1	76
3.377398	22585	0	0	2	76
3.380238	42801	0	0	3	76
3.405749	3825	0	0	0	77
3.405749	11440	0	0	1	77
3.408601	22932	0	0	2	77
3.411691	43153	0	0	3	77
3.443395	3867	0	0	0	78
3.444863	11458	0	0	1	78
3.446254	23169	0	0	2	78
3.448614	43240	0	0	3	78
3.480448	3933	0	0	0	79
3.480448	11351	0	0	1	79
3.481910	22848	0	0	2	79
3.485109	42996	0	0	3	79
3.510746	3930	0	0	0	80
3.510746	11641	0	0	1	80
3.513628	22979	0	0	2	80
3.515545	43276	0	0	3	80
3.540724	3896	0	0	0	81
3.542324	11508	0	0	1	81
3.543765	23018	0	0	2	81
3.546356	43445	0	0	3	81
3.571764	3824	0	0	0	82
3.573422	11395	0	0	1	82
3.574848	23111	0	0	2	82
3.578739	43318	0	0	3	82
3.609744	3889	0	0	0	83
3.611227	11643	0	0	1	83
3.612638	23035	0	0	2	83
3.615152	43323	0	0	3	83
3.646249	3834	0	0	0	84
3.646249	11339	0	0	1	84
3.649240	22681	0	0	2	84
3.651037	42791	0	0	3	84
3.671419	3851	0	0	0	85
3.672975	11693	0	0	1	85
3.675208	23195	0	0	2	85
3.677808	43453	0	0	3	85
3.705108	3870	0	0	0	86
3.705882	11600	0	0	1	86
3.708944	22957	0	0	2	86
3.711320	43238	0	0	3	86
3.744706	3847	0	0	0	87
3.744706	11427	0	0	1	87
3.746129	23034	0	0	2	87
3.749012	43236	0	0	3	87
3.780456	3850	0	0	0	88
3.781904	11507	0	0	1	88
3.783285	22982	0	0	2	88
3.785672	43367	0	0	3	88
3.804660	3896	0	0	0	89
3.804660	11516	0	0	1	89
3.812683	23120	0	0	2	89
3.815161	43417	0	0	3	89
3.834195	3884	0	0	0	90
3.844483	11646	0	0	1	90
3.846272	23411	0	0	2	90
3.848945	43795	0	0	3	90
3.874050	3847	0	0	0	91
3.875815	11708	0	0	1	91
3.879162	23250	0	0	2	91
3.882751	43928	0	0	3	91
3.913622	3918	0	0	0	92
3.915127	11730	0	0	1	92
3.916516	23126	0	0	2	92
3.918986	43793	0	0	3	92
3.946257	3866	0	0	0	93
3.946257	11805	0	0	1	93
3.948847	23385	0	0	2	93
3.950916	43974	0	0	3	93
3.976986	3837	0	0	0	94
3.976986	11574	0	0	1	94
3.979544	23125	0	0	2	94
3.981536	43394	0	0	3	94
4.008098	3830	0	0	0	95
4.011327	11565	0	0	1	95
4.013131	23050	0	0	2	95
4.015515	43547	0	0	3	95
4.046787	3876	0	0	0	96
4.046787	11869	0	0	1	96
4.049073	23603	0	0	2	96
4.051458	44528	0	0	3	96
4.080287	3838	0	0	0	97
4.080287	11727	0	0	1	97
4.082177	23239	0	0	2	97
4.084922	44039	0	0	3	97
4.110612	3930	0	0	0	98
4.112188	11850	0	0	1	98
4.113605	23576	0	0	2	98
4.115862	44278	0	0	3	98
4.143455	3828	0	0	0	99
4.145163	11789	0	0	1	99
4.146134	23378	0	0	2	99
4.149334	43953	0	0	3	99
4.173919	3932	0	0	0	100
4.175519	11746	0	0	1	100
4.176965	23289	0	0	2	100
4.181520	43939	0	0	3	100
4.212976	3945	0	0	0	101
4.212976	11658	0	0	1	101
4.215212	23436	0	0	2	101
4.217700	44114	0	0	3	101
4.244364	3833	0	0	0	102
4.245909	11769	0	0	1	102
4.247314	23382	0	0	2	102
4.249940	44201	0	0	3	102
4.272969	3794	0	0	0	103
4.272969	11808	0	0	1	103
4.274425	23384	0	0	2	103
4.278201	43869	0	0	3	103
4.305305	3816	0	0	0	104
4.305987	11440	0	0	1	104
4.308099	23273	0	0	2	104
4.311324	43755	0	0	3	104
4.344488	3883	0	0	0	105
4.344488	11597	0	0	1	105
4.345883	23209	0	0	2	105
4.348817	44028	0	0	3	105
4.379584	3804	0	0	0	106
4.381076	11498	0	0	1	106
4.382479	23355	0	0	2	106
4.384978	43759	0	0	3	106
4.403796	3854	0	0	0	107
4.403796	11575	0	0	1	107
4.411785	23424	0	0	2	107
4.414371	43689	0	0	3	107
4.432882	3805	0	0	0	108
4.432882	11544	0	0	1	108
4.442868	23211	0	0	2	108
4.445950	43512	0	0	3	108
4.472016	3767	0	0	0	109
4.472016	11471	0	0	1	109
4.473457	23194	0	0	2	109
4.477363	43824	0	0	3	109
4.510966	3839	0	0	0	110
4.510966	11284	0	0	1	110
4.512390	22886	0	0	2	110
4.515081	42900	0	0	3	110
4.542597	3806	0	0	0	111
4.542597	11457	0	0	1	111
4.544384	23211	0	0	2	111
4.547109	43848	0	0	3	111
4.572705	3849	0	0	0	112
4.572705	11498	0	0	1	112
4.574358	23214	0	0	2	112
4.577889	43461	0	0	3	112
4.604632	3849	0	0	0	113
4.604632	11492	0	0	1	113
4.606030	23014	0	0	2	113
4.610320	43714	0	0	3	113
4.643462	3842	0	0	0	114
4.645009	11659	0	0	1	114
4.646405	23231	0	0	2	114
4.648915	43655	0	0	3	114
4.680184	3882	0	0	0	115
4.680184	11523	0	0	1	115
4.683021	23092	0	0	2	115
4.685060	43650	0	0	3	115
4.704142	3894	0	0	0	116
4.704142	11597	0	0	1	116
4.712013	23055	0	0	2	116
4.714260	43540	0	0	3	116
4.733046	3909	0	0	0	117
4.733046	11550	0	0	1	117
4.735953	23072	0	0	2	117
4.742434	43394	0	0	3	117
4.776328	3933	0	0	0	118
4.777896	11565	0	0	1	118
4.779321	23162	0	0	2	118
4.781772	43432	0	0	3	118
4.813201	3899	0	0	0	119
4.813201	11517	0	0	1	119
4.816146	23100	0	0	2	119
4.817960	43297	0	0	3	119
4.843455	3856	0	0	0	120
4.843455	11470	0	0	1	120
4.845356	23058	0	0	2	120
4.848021	43267	0	0	3	120
4.873355	3749	0	0	0	121
4.873355	11360	0	0	1	121
4.875762	22733	0	0	2	121
4.878488	43086	0	0	3	121
4.904719	3880	0	0	0	122
4.904719	11530	0	0	1	122
4.907889	23134	0	0	2	122
4.911732	43641	0	0	3	122
4.943384	3817	0	0	0	123
4.944883	11383	0	0	1	123
4.946257	22867	0	0	2	123
4.948809	43249	0	0	3	123
4.976195	3823	0	0	0	124
4.976195	11237	0	0	1	124
4.978869	22969	0	0	2	124
4.980612	43261	0	0	3	124
5.004023	3838	0	0	0	125
5.004023	11583	0	0	1	125
5.006159	23186	0	0	2	125
5.009121	43662	0	0	3	125
5.038068	3788	0	0	0	126
5.039493	11260	0	0	1	126
5.045825	23037	0	0	2	126
5.048250	43445	0	0	3	126
5.079293	3827	0	0	0	127
5.079293	11486	0	0	1	127
5.080761	23162	0	0	2	127
5.083961	43497	0	0	3	127
5.114945	3852	0	0	0	128
5.114945	11472	0	0	1	128
5.116813	23241	0	0	2	128
5.119460	43605	0	0	3	128
5.145605	3814	0	0	0	129
5.145605	11508	0	0	1	129
5.147549	23079	0	0	2	129
5.150094	43761	0	0	3	129
5.175214	3819	0	0	0	130
5.175214	11499	0	0	1	130
5.177446	23125	0	0	2	130
5.179888	43695	0	0	3	130
5.204900	3820	0	0	0	131
5.205769	11467	0	0	1	131
5.211692	23086	0	0	2	131
5.213537	43413	0	0	3	131
5.244822	3794	0	0	0	132
5.244822	11311	0	0	1	132
5.246901	23190	0	0	2	132
5.249397	43409	0	0	3	132
5.278618	3830	0	0	0	133
5.280047	11494	0	0	1	133
5.281437	23141	0	0	2	133
5.283571	43615	0	0	3	133
5.304400	3825	0	0	0	134
5.304400	11541	0	0	1	134
5.307474	23298	0	0	2	134
5.310475	43654	0	0	3	134
5.335682	3804	0	0	0	135
5.336976	11437	0	0	1	135
5.341997	23178	0	0	2	135
5.347898	43574	0	0	3	135
5.378899	3823	0	0	0	136
5.378899	11558	0	0	1	136
5.380915	23184	0	0	2	136
5.383477	43601	0	0	3	136
5.412821	3772	0	0	0	137
5.414338	11468	0	0	1	137
5.415763	22992	0	0	2	137
5.417774	43600	0	0	3	137
5.444690	3781	0	0	0	138
5.444690	11521	0	0	1	138
5.447337	23123	0	0	2	138
5.449212	43565	0	0	3	138
5.472568	3823	0	0	0	139
5.472568	11418	0	0	1	139
5.474553	23194	0	0	2	139
5.477673	43447	0	0	3	139
5.504337	3841	0	0	0	140
5.505790	11304	0	0	1	140
5.510413	22989	0	0	2	140
5.513439	43575	0	0	3	140
5.544552	3802	0	0	0	141
5.544552	11360	0	0	1	141
5.546572	23062	0	0	2	141
5.549050	43228	0	0	3	141
5.578892	3844	0	0	0	142
5.578892	11402	0	0	1	142
5.580334	23248	0	0	2	142
5.583505	43312	0	0	3	142
5.604302	3799	0	0	0	143
5.604302	11389	0	0	1	143
5.610300	22958	0	0	2	143
5.613271	43399	0	0	3	143
5.634639	3827	0	0	0	144
5.644094	11550	0	0	1	144
5.645369	23111	0	0	2	144
5.647735	43506	0	0	3	144
5.678642	3777	0	0	0	145
5.678642	11355	0	0	1	145
5.680318	22939	0	0	2	145
5.683104	43200	0	0	3	145
5.714206	3850	0	0	0	146
5.714206	11335	0	0	1	146
5.716355	22953	0	0	2	146
5.718748	43351	0	0	3	146
5.744344	3823	0	0	0	147
5.744344	11289	0	0	1	147
5.746572	22882	0	0	2	147
5.748760	43006	0	0	3	147
5.775379	3822	0	0	0	148
5.776974	11216	0	0	1	148
5.778513	22854	0	0	2	148
5.780991	42949	0	0	3	148
5.805958	3896	0	0	0	149
5.807825	11483	0	0	1	149
5.813829	22916	0	0	2	149
5.816027	43471	0	0	3	149
5.846737	3843	0	0	0	150
5.846737	11532	0	0	1	150
5.848161	22741	0	0	2	150
5.851049	43229	0	0	3	150
5.878122	3815	0	0	0	151
5.878122	11511	0	0	1	151
5.880051	22684	0	0	2	151
5.882530	43065	0	0	3	151
5.904204	3853	0	0	0	152
5.904204	11403	0	0	1	152
5.909743	22813	0	0	2	152
5.912814	43028	0	0	3	152
5.932789	3785	0	0	0	153
5.937452	11265	0	0	1	153
5.942970	22649	0	0	2	153
5.947087	42592	0	0	3	153
5.970963	3840	0	0	0	154
5.972656	11386	0	0	1	154
5.974112	22609	0	0	2	154
5.977242	42673	0	0	3	154
6.009662	3820	0	0	0	155
6.011141	11385	0	0	1	155
6.012573	22788	0	0	2	155
6.015011	43016	0	0	3	155
6.037155	3776	0	0	0	156
6.040203	11425	0	0	1	156
6.041857	22849	0	0	2	156
6.045072	43131	0	0	3	156
6.066182	3816	0	0	0	157
6.066182	11361	0	0	1	157
6.072497	22758	0	0	2	157
6.076705	43115	0	0	3	157
6.109308	3859	0	0	0	158
6.110797	11557	0	0	1	158
6.112172	22880	0	0	2	158
6.114679	43059	0	0	3	158
6.145870	3865	0	0	0	159
6.145870	11471	0	0	1	159
6.148723	22985	0	0	2	159
6.150510	43375	0	0	3	159
6.175984	3890	0	0	0	160
6.175984	11337	0	0	1	160
6.177660	22949	0	0	2	160
6.180464	43294	0	0	3	160
6.205610	3832	0	0	0	161
6.205610	11502	0	0	1	161
6.207725	23036	0	0	2	161
6.210663	43043	0	0	3	161
6.237518	3895	0	0	0	162
6.238708	11442	0	0	1	162
6.246543	23112	0	0	2	162
6.248956	42934	0	0	3	162
6.280038	3905	0	0	0	163
6.280038	11396	0	0	1	163
6.282622	22914	0	0	2	163
6.284383	43073	0	0	3	163
6.310897	3887	0	0	0	164
6.310897	11523	0	0	1	164
6.312760	23115	0	0	2	164
6.315279	43207	0	0	3	164
6.341875	3907	0	0	0	165
6.341875	11512	0	0	1	165
6.343319	23125	0	0	2	165
6.346994	43193	0	0	3	165
6.373501	3826	0	0	0	166
6.373501	11474	0	0	1	166
6.375368	23039	0	0	2	166
6.377952	43290	0	0	3	166
6.408994	3923	0	0	0	167
6.410570	11610	0	0	1	167
6.411982	22975	0	0	2	167
6.414499	43392	0	0	3	167
6.445662	3870	0	0	0	168
6.445662	11418	0	0	1	168
6.448543	23209	0	0	2	168
6.450451	43608	0	0	3	168
6.471394	3913	0	0	0	169
6.471394	11608	0	0	1	169
6.476791	23233	0	0	2	169
6.480031	43781	0	0	3	169
6.504497	3910	0	0	0	170
6.508019	11631	0	0	1	170
6.509447	23211	0	0	2	170
6.512149	43420	0	0	3	170
6.543016	3902	0	0	0	171
6.544493	11535	0	0	1	171
6.545921	23156	0	0	2	171
6.548234	43481	0	0	3	171
6.579372	3871	0	0	0	172
6.580841	11575	0	0	1	172
6.582233	23174	0	0	2	172
6.584319	43291	0	0	3	172
6.611603	3899	0	0	0	173
6.611603	11492	0	0	1	173
6.612867	22983	0	0	2	173
6.616128	43332	0	0	3	173
6.640144	3973	0	0	0	174
6.642421	11605	0	0	1	174
6.644063	23131	0	0	2	174
6.647226	43530	0	0	3	174
6.666544	3908	0	0	0	175
6.666544	11568	0	0	1	175
6.676360	23146	0	0	2	175
6.679288	43379	0	0	3	175
6.710738	3871	0	0	0	176
6.710738	11469	0	0	1	176
6.712562	23154	0	0	2	176
6.715146	43184	0	0	3	176
6.744325	3902	0	0	0	177
6.745796	11594	0	0	1	177
6.747186	23127	0	0	2	177
6.749738	43486	0	0	3	177
6.771144	3918	0	0	0	178
6.776342	11671	0	0	1	178
6.777473	23149	0	0	2	178
6.780690	43448	0	0	3	178
6.798399	3931	0	0	0	179
6.800071	11635	0	0	1	179
6.802991	23231	0	0	2	179
6.812039	43481	0	0	3	179
6.842533	3947	0	0	0	180
6.844002	11637	0	0	1	180
6.845431	23185	0	0	2	180
6.847958	43475	0	0	3	180
6.878583	3976	0	0	0	181
6.880016	11708	0	0	1	181
6.881424	23417	0	0	2	181
6.883827	43629	0	0	3	181
6.911124	4007	0	0	0	182
6.911124	11632	0	0	1	182
6.913330	23468	0	0	2	182
6.915695	43938	0	0	3	182
6.938933	3970	0	0	0	183
6.938933	11562	0	0	1	183
6.942024	23226	0	0	2	183
6.944280	43563	0	0	3	183
6.973608	3989	0	0	0	184
6.973608	11623	0	0	1	184
6.975038	23343	0	0	2	184
6.978191	43751	0	0	3	184
7.010011	3948	0	0	0	185
7.010011	11721	0	0	1	185
7.011423	23491	0	0	2	185
7.014472	43740	0	0	3	185
7.045312	3899	0	0	0	186
7.046873	11734	0	0	1	186
7.048272	23287	0	0	2	186
7.050488	43620	0	0	3	186
7.072432	3966	0	0	0	187
7.077624	11621	0	0	1	187
7.080218	23473	0	0	2	187
7.082041	43846	0	0	3	187
7.108174	3932	0	0	0	188
7.108174	11560	0	0	1	188
7.110798	23299	0	0	2	188
7.112951	43696	0	0	3	188
7.144342	3915	0	0	0	189
7.144342	11721	0	0	1	189
7.146557	23328	0	0	2	189
7.148875	43464	0	0	3	189
7.180441	3940	0	0	0	190
7.180441	11525	0	0	1	190
7.182812	23300	0	0	2	190
7.185063	43424	0	0	3	190
7.211736	4006	0	0	0	191
7.213286	11694	0	0	1	191
7.214703	23575	0	0	2	191
7.216701	43712	0	0	3	191
7.241260	3991	0	0	0	192
7.241260	11732	0	0	1	192
7.244093	23354	0	0	2	192
7.246432	44193	0	0	3	192
7.272670	3956	0	0	0	193
7.272670	11773	0	0	1	193
7.275107	23536	0	0	2	193
7.280784	43762	0	0	3	193
7.311287	3908	0	0	0	194
7.311287	11571	0	0	1	194
7.313309	23366	0	0	2	194
7.316256	43578	0	0	3	194
7.344908	3939	0	0	0	195
7.346419	11664	0	0	1	195
7.347830	23482	0	0	2	195
7.350105	43840	0	0	3	195
7.377306	3969	0	0	0	196
7.377306	11851	0	0	1	196
7.379570	23538	0	0	2	196
7.381925	43770	0	0	3	196
7.408159	3937	0	0	0	197
7.409036	11603	0	0	1	197
7.410578	23306	0	0	2	197
7.413845	43860	0	0	3	197
7.438757	3944	0	0	0	198
7.440358	11741	0	0	1	198
7.441782	23309	0	0	2	198
7.446522	43895	0	0	3	198
7.478318	3917	0	0	0	199
7.478318	11757	0	0	1	199
7.480073	23354	0	0	2	199
7.482945	43938	0	0	3	199
7.511987	3951	0	0	0	200
7.513514	11783	0	0	1	200
7.514931	23574	0	0	2	200
7.517540	44211	0	0	3	200
7.538844	3932	0	0	0	201
7.544022	11812	0	0	1	201
7.546634	23563	0	0	2	201
7.548884	44374	0	0	3	201
7.569156	4012	0	0	0	202
7.575390	11789	0	0	1	202
7.577184	23816	0	0	2	202
7.580297	44391	0	0	3	202
7.611785	3889	0	0	0	203
7.611785	11739	0	0	1	203
7.613290	23706	0	0	2	203
7.616527	44250	0	0	3	203
7.648064	3937	0	0	0	204
7.648064	11828	0	0	1	204
7.651042	23621	0	0	2	204
7.653101	44315	0	0	3	204
7.680508	3975	0	0	0	205
7.680508	11645	0	0	1	205
7.682808	23618	0	0	2	205
7.685077	44196	0	0	3	205
7.706047	3855	0	0	0	206
7.707613	11821	0	0	1	206
7.710129	23614	0	0	2	206
7.712796	44539	0	0	3	206
7.740358	3888	0	0	0	207
7.740358	11643	0	0	1	207
7.741782	23721	0	0	2	207
7.744928	44143	0	0	3	207
7.777787	3898	0	0	0	208
7.777787	11802	0	0	1	208
7.780487	23671	0	0	2	208
7.782415	44219	0	0	3	208
7.812161	3961	0	0	0	209
7.813608	11706	0	0	1	209
7.815031	23721	0	0	2	209
7.817564	44605	0	0	3	209
7.839044	3930	0	0	0	210
7.844239	11713	0	0	1	210
7.846671	23724	0	0	2	210
7.848766	44526	0	0	3	210
7.872138	3938	0	0	0	211
7.874186	11682	0	0	1	211
7.875329	23727	0	0	2	211
7.878805	44510	0	0	3	211
7.911046	3936	0	0	0	212
7.911046	11816	0	0	1	212
7.913609	23814	0	0	2	212
7.915767	44498	0	0	3	212
7.945404	3947	0	0	0	213
7.946863	11646	0	0	1	213
7.948287	23702	0	0	2	213
7.950781	44308	0	0	3	213
7.977281	3912	0	0	0	214
7.977281	11837	0	0	1	214
7.978609	23653	0	0	2	214
7.981982	44567	0	0	3	214
8.007331	3928	0	0	0	215
8.007331	11727	0	0	1	215
8.010403	23724	0	0	2	215
8.012593	44178	0	0	3	215
8.038643	3993	0	0	0	216
8.045029	11930	0	0	1	216
8.047253	24085	0	0	2	216
8.050193	44647	0	0	3	216
8.079839	4021	0	0	0	217
8.079839	11884	0	0	1	217
8.081262	23836	0	0	2	217
8.084087	44440	0	0	3	217
8.114791	4056	0	0	0	218
8.116282	11986	0	0	1	218
8.117705	23938	0	0	2	218
8.120382	44735	0	0	3	218
8.136469	4058	0	0	0	219
8.143601	12012	0	0	1	219
8.145025	24001	0	0	2	219
8.147717	44647	0	0	3	219
8.175127	4031	0	0	0	220
8.175127	11945	0	0	1	220
8.176966	24073	0	0	2	220
8.179981	44894	0	0	3	220
8.211251	4035	0	0	0	221
8.212772	11823	0	0	1	221
8.214196	23868	0	0	2	221
8.216514	44537	0	0	3	221
8.248832	3959	0	0	0	222
8.248832	11709	0	0	1	222
8.250256	23737	0	0	2	222
8.253324	44253	0	0	3	222
8.280007	4023	0	0	0	223
8.280007	11818	0	0	1	223
8.282708	23802	0	0	2	223
8.284692	44396	0	0	3	223
8.307150	4053	0	0	0	224
8.307150	11932	0	0	1	224
8.310283	23885	0	0	2	224
8.313212	44485	0	0	3	224
8.332688	3937	0	0	0	225
8.332688	11881	0	0	1	225
8.335815	24005	0	0	2	225
8.340680	44687	0	0	3	225
8.377683	3954	0	0	0	226
8.377683	11904	0	0	1	226
8.380306	23630	0	0	2	226
8.382382	44378	0	0	3	226
8.414417	3971	0	0	0	227
8.414417	11775	0	0	1	227
8.416224	23826	0	0	2	227
8.419067	44142	0	0	3	227
8.440146	4010	0	0	0	228
8.440146	11948	0	0	1	228
8.445759	23907	0	0	2	228
8.448972	44566	0	0	3	228
8.468568	3956	0	0	0	229
8.470177	11901	0	0	1	229
8.471555	23850	0	0	2	229
8.475799	44588	0	0	3	229
8.510631	3938	0	0	0	230
8.510631	11956	0	0	1	230
8.513345	23882	0	0	2	230
8.515241	44354	0	0	3	230
8.547167	3935	0	0	0	231
8.547167	11854	0	0	1	231
8.549512	24024	0	0	2	231
8.551824	44433	0	0	3	231
8.579804	3957	0	0	0	232
8.579804	11918	0	0	1	232
8.581227	23720	0	0	2	232
8.584069	43878	0	0	3	232
8.606598	3906	0	0	0	233
8.606598	11877	0	0	1	233
8.608069	23782	0	0	2	233
8.612146	44521	0	0	3	233
8.638522	3879	0	0	0	234
8.638522	11754	0	0	1	234
8.640035	23679	0	0	2	234
8.643209	44380	0	0	3	234
8.677706	3921	0	0	0	235
8.677706	11877	0	0	1	235
8.679036	23830	0	0	2	235
8.682325	44343	0	0	3	235
8.713919	3883	0	0	0	236
8.713919	11800	0	0	1	236
8.716455	23761	0	0	2	236
8.718568	44479	0	0	3	236
8.736097	3875	0	0	0	237
8.736097	11717	0	0	1	237
8.743750	23641	0	0	2	237
8.747344	43952	0	0	3	237
8.769613	3904	0	0	0	238
8.772829	11820	0	0	1	238
8.774587	23676	0	0	2	238
8.777118	44369	0	0	3	238
8.810508	3899	0	0	0	239
8.810508	11766	0	0	1	239
8.811932	23741	0	0	2	239
8.815512	44132	0	0	3	239
8.847082	3855	0	0	0	240
8.847082	11760	0	0	1	240
8.849656	23572	0	0	2	240
8.851684	44178	0	0	3	240
8.878341	3816	0	0	0	241
8.879873	11715	0	0	1	241
8.881283	23447	0	0	2	241
8.883500	43985	0	0	3	241
8.905522	3872	0	0	0	242
8.905522	11700	0	0	1	242
8.907150	23549	0	0	2	242
8.910660	44192	0	0	3	242
8.937405	3911	0	0	0	243
8.938782	11773	0	0	1	243
8.942662	23571	0	0	2	243
8.946166	44071	0	0	3	243
8.977792	3903	0	0	0	244
8.977792	11794	0	0	1	244
8.979209	23564	0	0	2	244
8.982460	44241	0	0	3	244
9.014220	3925	0	0	0	245
9.014220	11719	0	0	1	245
9.016701	23375	0	0	2	245
9.018729	44031	0	0	3	245
9.036434	3930	0	0	0	246
9.036434	11815	0	0	1	246
9.045560	23475	0	0	2	246
9.047402	44204	0	0	3	246
9.066035	3913	0	0	0	247
9.068065	11774	0	0	1	247
9.071369	23600	0	0	2	247
9.076793	44244	0	0	3	247
9.109581	3900	0	0	0	248
9.111121	11904	0	0	1	248
9.112539	23585	0	0	2	248
9.115280	44125	0	0	3	248
9.147330	3948	0	0	0	249
9.147330	11803	0	0	1	249
9.148754	23816	0	0	2	249
9.151633	44114	0	0	3	249
9.178963	3949	0	0	0	250
9.178963	11829	0	0	1	250
9.180398	23588	0	0	2	250
9.183595	44228	0	0	3	250
9.204732	3971	0	0	0	251
9.204732	11789	0	0	1	251
9.210181	23656	0	0	2	251
9.213575	44357	0	0	3	251
9.233279	4002	0	0	0	252
9.235028	11790	0	0	1	252
9.241453	23462	0	0	2	252
9.245283	44154	0	0	3	252
9.278902	3971	0	0	0	253
9.280344	11914	0	0	1	253
9.281764	23619	0	0	2	253
9.283941	44224	0	0	3	253
9.315173	4009	0	0	0	254
9.316614	11878	0	0	1	254
9.318037	23763	0	0	2	254
9.320434	44157	0	0	3	254
9.347807	3892	0	0	0	255
9.347807	11629	0	0	1	255
9.349829	23130	0	0	2	255
9.352409	43312	0	0	3	255
9.375340	3950	0	0	0	256
9.375340	11805	0	0	1	256
9.383000	23653	0	0	2	256
9.385141	43921	0	0	3	256
9.400920	3985	0	0	0	257
9.400920	11799	0	0	1	257
9.411963	23608	0	0	2	257
9.415835	43853	0	0	3	257
9.445847	3982	0	0	0	258
9.445847	11750	0	0	1	258
9.447950	23516	0	0	2	258
9.450525	44015	0	0	3	258
9.482107	4038	0	0	0	259
9.482107	12022	0	0	1	259
9.484359	23815	0	0	2	259
9.486837	44418	0	0	3	259
9.504007	4022	0	0	0	260
9.504007	11925	0	0	1	260
9.512402	23666	0	0	2	260
9.514624	44373	0	0	3	260
9.536654	3991	0	0	0	261
9.536654	11789	0	0	1	261
9.538994	23763	0	0	2	261
9.542664	44288	0	0	3	261
9.577522	3937	0	0	0	262
9.577522	11697	0	0	1	262
9.578929	23410	0	0	2	262
9.582042	43740	0	0	3	262
9.613792	3975	0	0	0	263
9.613792	11887	0	0	1	263
9.615121	23666	0	0	2	263
9.618352	44133	0	0	3	263
9.645352	3907	0	0	0	264
9.645352	11723	0	0	1	264
9.648325	23718	0	0	2	264
9.650227	44309	0	0	3	264
9.675600	3915	0	0	0	265
9.677163	11740	0	0	1	265
9.679589	23699	0	0	2	265
9.682003	44050	0	0	3	265
9.701479	3947	0	0	0	266
9.703803	11696	0	0	1	266
9.707030	23617	0	0	2	266
9.715936	43918	0	0	3	266
9.747262	3944	0	0	0	267
9.747262	11738	0	0	1	267
9.749230	23631	0	0	2	267
9.752000	44137	0	0	3	267
9.778188	3954	0	0	0	268
9.779738	11686	0	0	1	268
9.781151	23516	0	0	2	268
9.783557	44112	0	0	3	268
9.810262	3982	0	0	0	269
9.810262	11819	0	0	1	269
9.812820	23614	0	0	2	269
9.815335	44273	0	0	3	269
9.835600	3914	0	0	0	270
9.837636	11709	0	0	1	270
9.838710	23546	0	0	2	270
9.844164	43695	0	0	3	270
9.877592	3922	0	0	0	271
9.877592	11656	0	0	1	271
9.879001	23444	0	0	2	271
9.882177	43893	0	0	3	271
9.913982	3981	0	0	0	272
9.913982	11621	0	0	1	272
9.916745	23315	0	0	2	272
9.918605	43389	0	0	3	272
9.945654	4012	0	0	0	273
9.945654	11898	0	0	1	273
9.947194	23730	0	0	2	273
9.950284	44399	0	0	3	273
9.972914	4034	0	0	0	274
9.974547	11784	0	0	1	274
9.975924	23811	0	0	2	274
9.978430	43858	0	0	3	274
10.005129	3949	0	0	0	275
10.005129	11761	0	0	1	275
10.007816	23803	0	0	2	275
10.013728	44115	0	0	3	275
10.044728	3963	0	0	0	276
10.044728	11706	0	0	1	276
10.046599	23521	0	0	2	276
10.049306	43853	0	0	3	276
10.078007	4005	0	0	0	277
10.078007	11761	0	0	1	277
10.079794	23744	0	0	2	277
10.082662	44215	0	0	3	277
10.103908	3974	0	0	0	278
10.103908	11783	0	0	1	278
10.107486	23624	0	0	2	278
10.111248	44006	0	0	3	278
10.131913	3957	0	0	0	279
10.132986	11805	0	0	1	279
10.139190	23705	0	0	2	279
10.147345	44188	0	0	3	279
10.172270	4031	0	0	0	280
10.174270	11823	0	0	1	280
10.175342	23653	0	0	2	280
10.181040	43967	0	0	3	280
10.213560	3995	0	0	0	281
10.213560	11816	0	0	1	281
10.216329	23558	0	0	2	281
10.218166	43970	0	0	3	281
10.245001	3969	0	0	0	282
10.245001	11699	0	0	1	282
10.246456	23611	0	0	2	282
10.249502	43979	0	0	3	282
10.271820	3974	0	0	0	283
10.271820	11711	0	0	1	283
10.273519	23406	0	0	2	283
10.277096	43689	0	0	3	283
10.305883	4023	0	0	0	284
10.305883	11863	0	0	1	284
10.308475	23774	0	0	2	284
10.315817	44465	0	0	3	284
10.345794	4010	0	0	0	285
10.347242	11810	0	0	1	285
10.348660	23590	0	0	2	285
10.351160	43874	0	0	3	285
10.383252	3983	0	0	0	286
10.383252	11818	0	0	1	286
10.384676	23716	0	0	2	286
10.387558	44099	0	0	3	286
10.402995	3972	0	0	0	287
10.402995	11898	0	0	1	287
10.410767	23686	0	0	2	287
10.413734	44114	0	0	3	287
10.432520	3978	0	0	0	288
10.435168	11810	0	0	1	288
10.436254	23799	0	0	2	288
10.441552	44284	0	0	3	288
10.477878	4007	0	0	0	289
10.477878	12033	0	0	1	289
10.480507	23723	0	0	2	289
10.482781	44404	0	0	3	289
10.514446	4013	0	0	0	290
10.514446	12039	0	0	1	290
10.516342	23959	0	0	2	290
10.519082	44448	0	0	3	290
10.539135	3975	0	0	0	291
10.539135	11870	0	0	1	291
10.541749	23571	0	0	2	291
10.543723	43961	0	0	3	291
10.570129	4021	0	0	0	292
10.571298	12030	0	0	1	292
10.572786	23923	0	0	2	292
10.575765	44507	0	0	3	292
10.598767	4010	0	0	0	293
10.598767	12093	0	0	1	293
10.601594	24064	0	0	2	293
10.605235	44844	0	0	3	293
10.638871	4007	0	0	0	294
10.638871	12144	0	0	1	294
10.641604	23974	0	0	2	294
10.643494	44633	0	0	3	294
10.672181	4049	0	0	0	295
10.672181	12209	0	0	1	295
10.674832	24113	0	0	2	295
10.676873	44599	0	0	3	295
10.699862	4056	0	0	0	296
10.699862	12146	0	0	1	296
10.701240	24011	0	0	2	296
10.704813	44766	0	0	3	296
10.732991	3927	0	0	0	297
10.732991	12019	0	0	1	297
10.734321	23970	0	0	2	297
10.737739	44428	0	0	3	297
10.765788	4046	0	0	0	298
10.765788	12073	0	0	1	298
10.767159	23986	0	0	2	298
10.770532	44682	0	0	3	298
10.799951	4020	0	0	0	299
10.799951	12229	0	0	1	299
10.802595	24092	0	0	2	299
10.804551	44730	0	0	3	299
